120 115
115 120
80 120
65 125
50 130
45 150
45 160
55 175
60 180
70 185
90 185
100 180
105 170
110 170
115 165
115 160
130 155
135 150
135 145
130 125
120 115
120 105
130 95
130 85
125 75
120 70
120 65
115 60
115 55
110 40
105 30
95 15
85 10
55 10
40 15
30 20
15 35
10 45
10 55
15 70
25 110
25 115
20 120
20 130
25 135
30 135
30 150
25 175
20 175
15 180
0 200
-1 -1
90 200
90 185
115 200
-1 -1
115 160
85 160
65 155
70 150
-1 -1
65 155
60 160
-1 -1
120 105
115 100
95 100
95 85
90 80
95 75
105 70
120 70
-1 -1
115 95
115 90
110 90
110 95
115 95
-1 -1
90 80
85 75
75 70
65 70
55 75
45 85
45 100
55 110
65 115
75 115
85 110
95 100
-1 -1
65 95
65 90
60 90
60 95
65 95
-1 -1
80 10
75 5
65 0
50 0
45 5
40 15
40 25
-1 -1
60 10
55 5
45 0
40 0
30 5
25 15
25 25
30 30
-1 -1
15 115
15 90
25 110
30 85
40 110
40 120
35 115
25 115
-1 -1
40 130
35 135
30 135
-1 -1
25 130
25 125
30 120
35 125
-1 -1
30 120
25 120
-1 -1
25 175
25 185
20 180
-1 -1
25 185
50 200
-1 -1
