165 170
165 175
150 195
150 200
155 205
165 205
175 195
175 190
170 175
160 165
155 155
155 140
165 130
160 125
160 110
170 105
175 105
185 100
200 90
210 85
230 80
275 80
300 85
320 95
335 110
340 125
340 140
335 155
335 170
315 200
305 210
295 215
280 215
270 210
270 205
275 195
255 195
235 215
225 220
220 220
210 210
210 205
220 185
220 175
215 190
210 200
200 205
190 205
180 200
175 190
-1 -1
275 195
285 185
295 155
310 145
325 145
335 155
-1 -1
255 195
265 175
275 150
275 125
260 100
230 80
235 95
240 115
240 155
235 165
230 170
220 175
-1 -1
175 105
185 110
195 105
200 105
210 110
220 105
225 105
235 110
235 125
230 130
240 140
-1 -1
170 125
165 120
165 115
170 110
175 110
180 115
180 120
-1 -1
215 120
215 115
220 110
225 110
230 115
230 120
225 125
-1 -1
185 120
185 110
-1 -1
210 120
210 110
-1 -1
185 140
190 155
190 165
185 170
175 170
170 165
170 155
185 140
-1 -1
205 140
220 155
220 165
215 170
205 170
200 165
200 155
205 140
-1 -1
205 155
210 155
210 160
205 160
205 155
-1 -1
185 155
185 160
180 160
180 155
185 155
-1 -1
185 195
205 195
200 200
190 200
185 195
-1 -1
